ref,date,size,price,direction,parent,pnl $,pair,pnl %,exit_price,exit_date,duration,order_close
1244,2022-03-15 00:00:00,0.010072765311618924,39671.37,long,-1,15.207926741912063,BTCUSDT,3.8057836671634933,41262.11,2022-03-21 00:00:00,6 days 00:00:00,SIGNAL
1247,2022-03-28 20:00:00,0.008395958702426053,47956.28,long,-1,-7.4772485529263495,BTCUSDT,-1.8570604308757874,47160.82,2022-03-30 16:00:00,1 days 20:00:00,SIGNAL
1250,2022-04-12 12:00:00,-0.009934741459387539,40378.0,short,1250,-9.655587692479255,BTCUSDT,-2.4070069220862784,41268.255,2022-04-13 12:00:00,1 days 00:00:00,TRAILING STOP
1252,2022-04-21 16:00:00,0.009474609604268065,42135.34,long,1252,-20.739355770171443,BTCUSDT,-5.195022523848135,40028.563500000004,2022-04-21 20:00:00,0 days 04:00:00,TRAILING STOP
1254,2022-05-09 00:00:00,-0.011606658211619719,34038.39,short,1254,27.770624163495842,BTCUSDT,7.02925721369312,31580.125500000002,2022-05-10 04:00:00,1 days 04:00:00,TRAILING STOP
1256,2022-05-30 16:00:00,0.013077613270150085,30634.08,long,-1,0.6163914618743896,BTCUSDT,0.15385913335736548,30742.590000000004,2022-06-01 16:00:00,2 days 00:00:00,SIGNAL
1259,2022-06-13 20:00:00,-0.01725988496379468,23215.97,short,1259,-1.118195032420183,BTCUSDT,-0.27905694011491833,23234.3055,2022-06-14 04:00:00,0 days 08:00:00,TRAILING STOP
1261,2022-06-19 00:00:00,-0.021112478219050646,18970.79,short,1261,-6.115853538235264,BTCUSDT,-1.5269768233162617,19222.2765,2022-06-19 08:00:00,0 days 08:00:00,TRAILING STOP
1263,2022-07-28 00:00:00,0.01739676774872816,22954.31,long,1263,5.255181590854775,BTCUSDT,1.3159970611183498,23302.644999999997,2022-07-31 20:00:00,3 days 20:00:00,TRAILING STOP
1265,2022-08-26 20:00:00,-0.019392526339796313,20643.01,short,-1,6.106314621444486,BTCUSDT,1.5253579298755255,20287.2,2022-08-30 00:00:00,3 days 04:00:00,SIGNAL
1268,2022-10-25 20:00:00,0.01980790697087586,20276.26,long,-1,-0.4302548762399305,BTCUSDT,-0.107127103321805,20295.11,2022-10-28 00:00:00,2 days 04:00:00,SIGNAL
1271,2022-11-08 20:00:00,-0.021991040307378824,18255.24,short,1271,33.01548548529947,BTCUSDT,8.22402394874021,16718.9505,2022-11-10 04:00:00,1 days 08:00:00,TRAILING STOP
1273,2022-11-28 16:00:00,-0.025273902855135984,16146.259999999998,short,-1,-9.682760491800712,BTCUSDT,-2.372766139031585,16496.73,2022-11-29 12:00:00,0 days 20:00:00,SIGNAL
1276,2022-12-16 20:00:00,-0.02408235783462065,16865.22,short,-1,0.40530776812176295,BTCUSDT,0.09979158291443593,16814.71,2022-12-20 12:00:00,3 days 16:00:00,SIGNAL
1279,2022-12-28 12:00:00,-0.02435552832403061,16678.52,short,-1,1.131379807022403,BTCUSDT,0.27851805795717827,16598.79,2022-12-30 04:00:00,1 days 16:00:00,SIGNAL
